12
703 935 356 62 255 310 414 473 12 679 767 642
612 886 0 914 850 556 959 430 822 390 561 997
7164
12
736 538 969 323 113 403 976 428 656 370 96 667
56 449 398 504 485 210 292 962 439 677 742 900
2355
13
226 945 420 148 228 590 275 113 932 935 922 844 624
95 942 47 275 382 539 306 126 452 754 839 455 271
1214
15
686 632 918 590 231 609 794 425 490 69 929 482 322 415 347
927 417 528 934 413 166 792 214 459 129 243 586 821 853 950
7243
10
907 487 193 524 231 141 535 563 466 94
805 723 423 240 100 336 342 469 895 584
4656
10
10 339 396 674 349 144 432 417 13 136
299 646 21 758 597 570 372 338 683 321
4399
12
819 82 175 722 693 287 566 6 716 762 250 279
182 247 26 991 601 746 564 959 597 248 516 282
2139
12
93 169 792 201 960 747 483 982 285 41 644 717
632 106 686 378 610 711 512 772 826 263 807 721
5324
13
302 102 772 871 173 960 263 571 362 778 527 876 454
39 164 317 65 544 997 23 12 191 395 440 879 4
3813
10
849 269 325 551 443 446 991 469 918 635
66 626 968 281 903 27 801 414 869 221
1123
15
936 693 368 831 595 799 753 752 670 87 644 734 972 614 544
434 242 513 337 197 96 397 19 219 987 292 239 572 376 40
709
10
410 700 818 586 859 821 916 835 459 351
539 636 443 998 467 879 811 228 140 989
2499
11
121 631 718 540 511 746 515 412 504 359 207
837 598 750 503 99 5 99 889 639 826 870
3536
11
53 659 567 271 395 93 975 431 504 1 963
461 114 818 23 492 302 948 722 710 684 791
215
14
113 824 821 798 997 446 395 103 999 235 434 641 809 547
914 282 338 649 783 444 186 641 42 746 238 942 179 876
4312
14
876 383 7 991 736 281 869 341 524 249 50 484 901 900
695 20 470 557 736 490 71 993 899 784 319 274 94 506
3659
10
850 754 372 71 328 260 331 98 426 14
646 882 32 364 202 885 314 388 228 705
2125
15
931 937 581 64 208 370 919 576 737 192 745 242 425 0 547
764 791 905 184 885 702 970 158 345 319 151 709 877 831 85
5230
13
539 612 20 276 438 819 300 312 910 580 692 126 91
138 246 758 792 97 713 35 751 798 668 778 149 333
2875
10
559 562 38 996 537 989 771 846 69 123
356 794 389 561 634 69 417 154 323 835
1362
13
652 257 698 505 881 230 569 706 95 21 821 594 291
848 323 247 655 415 572 818 625 569 536 184 239 337
4450
13
614 412 531 343 444 353 86 462 143 564 803 950 843
623 725 195 375 434 848 689 642 157 867 977 771 584
2317
14
171 498 767 62 626 156 48 442 986 829 683 118 846 503
984 469 373 451 645 990 377 653 238 858 5 255 578 233
2669
12
794 180 566 789 93 72 833 400 641 373 507 824
380 476 692 45 628 736 548 361 993 289 633 750
6384
11
346 924 817 748 859 563 601 575 849 50 31
443 389 897 601 89 576 417 192 651 405 52
431
13
749 504 530 721 136 823 844 230 88 750 502 328 559
951 361 36 871 692 214 630 421 1000 51 903 356 799
6556
10
868 767 233 266 379 127 575 89 461 203
205 556 183 310 336 744 292 209 957 396
350
10
434 650 588 116 657 246 869 194 963 758
877 611 626 981 163 781 114 346 930 414
4599
13
272 948 572 640 955 208 565 585 648 571 514 544 645
916 305 666 54 753 803 907 230 240 54 176 894 279
1962
10
968 321 31 163 177 899 405 396 210 686
981 837 433 195 83 162 103 880 832 389
3274
15
423 813 265 967 154 763 200 513 692 783 944 334 394 604 24
326 863 586 918 746 605 383 240 24 531 156 226 312 962 115
2587
13
495 932 147 212 995 260 660 926 963 169 942 776 120
450 304 95 961 520 398 519 671 135 443 810 281 104
2566
14
103 250 891 89 385 209 104 360 829 265 106 73 585 236
22 807 802 664 673 83 336 110 366 110 497 130 675 719
5292
14
913 166 799 153 650 675 72 714 890 310 645 912 736 105
382 465 734 753 601 855 972 711 828 920 763 945 874 369
2838
14
710 493 90 179 291 443 444 637 26 590 566 680 361 681
544 822 450 867 153 105 133 441 198 465 607 225 4 519
2525
14
641 152 616 80 623 212 757 881 320 196 548 597 494 444
194 133 407 40 94 961 387 950 605 365 253 831 17 620
5536
10
655 588 156 726 377 800 578 578 281 67
854 249 739 865 568 589 681 459 611 380
1274
11
502 580 468 475 355 682 957 349 334 307 835
339 683 753 664 771 283 291 620 406 791 727
3712
11
438 802 212 914 816 841 124 507 573 5 340
370 296 860 317 167 80 426 271 789 240 18
3408
10
136 101 107 984 531 899 205 589 513 546
137 400 199 769 560 524 280 134 269 488
3516
12
765 863 182 99 568 735 79 394 202 16 49 28
816 381 382 140 415 535 98 644 122 501 615 894
2962
15
3 561 284 759 959 185 590 890 284 951 301 647 903 454 409
5 139 486 350 334 586 458 927 205 503 907 316 777 662 712
2258
10
402 695 158 10 750 244 239 197 731 719
798 486 525 941 8 789 921 874 722 402
5324
12
864 795 490 722 473 43 344 313 890 910 430 473
426 7 208 798 44 969 844 353 1000 441 26 704
5229
14
27 589 672 468 262 396 664 264 286 994 37 830 948 978
942 727 499 513 690 323 904 980 272 79 585 491 549 301
1764
12
593 974 686 669 471 784 416 691 378 756 466 177
394 711 825 777 605 604 786 457 854 672 533 115
4415
13
376 859 23 836 55 492 287 126 23 480 802 926 45
14 175 569 221 197 51 878 631 132 711 987 303 534
5122
15
70 632 720 5 499 555 564 707 694 211 250 968 106 956 580
571 644 283 760 858 164 817 863 131 887 150 922 367 161 266
1839
13
635 231 230 90 322 335 752 228 152 884 955 653 330
307 695 636 64 345 434 537 253 89 105 451 699 531
596
12
328 775 646 48 676 822 506 605 246 884 537 416
898 790 859 272 628 216 199 524 319 586 983 212
1302
10
257 960 25 938 94 813 635 969 826 258
521 555 731 81 32 876 362 101 508 321
3088
13
540 287 528 275 437 464 97 405 110 864 689 894 486
513 981 897 562 66 320 353 317 125 535 573 731 983
639
12
499 344 803 455 541 622 799 270 567 570 647 243
665 611 581 518 392 839 814 822 221 128 700 721
6093
12
991 669 392 14 227 212 161 74 462 318 62 670
564 704 902 648 255 344 401 778 648 547 144 102
2481
12
806 123 731 311 899 482 267 501 408 352 803 712
257 225 110 908 766 7 128 234 118 354 880 454
3372
11
458 736 494 922 461 840 370 665 982 532 163
868 439 403 68 522 944 825 357 306 948 15
2388
12
553 979 32 345 744 215 190 304 852 213 406 379
215 105 100 532 91 186 710 785 4 425 568 259
2552
12
394 12 129 586 455 743 422 693 97 773 748 229
581 599 815 876 926 313 163 486 559 883 454 325
1508
11
547 936 250 703 89 908 714 212 270 850 567
395 808 371 947 839 863 22 937 472 762 93
3922
12
439 849 905 269 36 155 261 515 899 771 58 83
788 94 6 24 978 542 896 751 880 548 176 555
2317
14
636 795 872 671 408 657 550 390 695 479 448 884 840 666
937 119 335 673 940 702 764 847 173 364 32 744 867 27
69
12
300 929 108 148 770 519 494 463 711 896 303 33
357 910 408 257 643 628 980 806 913 681 23 281
156
13
943 198 372 637 891 51 800 388 627 441 300 109 640
431 678 469 770 928 342 64 858 657 708 805 748 618
66
12
663 652 224 294 908 688 891 748 504 720 310 217
737 652 774 365 992 28 623 805 569 855 363 854
1933
13
39 329 856 735 585 106 178 854 30 930 543 403 163
411 147 672 319 166 855 234 172 371 695 707 726 883
4129
10
694 244 580 669 316 810 210 151 610 835
461 272 517 768 187 268 451 583 832 327
2818
10
610 376 566 316 896 300 159 158 657 915
980 279 969 629 739 494 4 665 174 644
750
13
676 251 240 80 222 108 107 542 478 711 234 972 32
140 322 389 464 615 927 283 593 228 11 522 323 605
545
10
5 245 129 313 234 81 648 226 948 708
893 449 779 134 11 365 708 957 372 841
4303
10
376 906 970 609 25 365 359 777 432 22
634 686 921 194 150 986 875 566 907 630
6272
15
214 996 10 255 418 34 871 356 358 345 303 920 566 16 391
590 121 140 898 118 827 538 906 138 290 617 186 511 982 607
1424
12
786 230 807 496 792 527 256 636 290 110 74 629
384 223 497 867 616 696 492 700 399 803 682 937
1663
15
594 645 148 397 978 168 21 802 855 632 597 795 435 559 50
179 233 405 468 474 830 568 790 712 921 541 544 15 958 613
7075
11
180 4 578 375 20 892 919 825 298 865 743
851 453 44 282 698 122 489 721 785 506 476
330
10
700 674 784 565 726 317 397 706 642 735
593 410 25 538 433 122 846 733 764 937
2956
14
361 626 392 601 940 136 318 428 883 850 14 960 518 848
782 946 432 663 238 271 696 711 641 144 439 416 790 829
7821
14
196 654 454 647 210 832 355 600 391 783 689 524 935 935
792 118 61 78 304 833 245 511 154 909 886 710 140 815
4014
15
686 877 328 220 696 820 81 317 514 615 0 849 125 652 49
692 744 927 610 108 269 369 598 916 893 265 674 11 617 36
7444
11
189 260 424 594 607 258 846 293 342 438 907
914 154 551 418 993 481 762 574 229 850 996
5449
11
78 732 76 834 692 323 627 72 676 571 341
563 407 520 674 819 19 325 527 87 909 973
5737
12
969 638 900 121 227 309 747 968 412 649 86 146
185 177 756 964 798 816 569 184 618 128 793 808
2456
10
611 165 566 647 657 133 181 589 294 851
807 320 71 927 153 932 525 518 914 378
2911
12
332 94 464 402 512 631 642 772 912 991 545 695
264 873 457 382 43 755 897 349 537 656 797 47
5438
13
304 473 445 677 694 167 69 793 36 695 761 56 399
638 211 185 477 125 607 938 886 580 497 13 806 874
1399
13
445 539 35 916 420 364 922 233 334 231 213 745 991
93 312 549 409 628 510 826 748 971 971 540 644 913
3582
14
772 659 128 46 812 180 2 715 639 360 511 334 871 748
987 148 896 564 447 886 328 642 747 492 547 938 239 219
1666
15
43 544 649 321 739 412 929 553 192 336 246 512 234 326 362
78 543 472 595 534 228 473 740 106 123 937 168 571 323 944
3755
13
902 153 191 56 450 257 745 996 645 656 641 196 638
211 413 249 468 369 391 413 840 78 390 724 447 157
2007
12
621 621 509 703 556 840 679 726 44 900 46 590
711 908 569 747 248 6 106 294 72 498 101 215
2541
13
328 809 293 868 155 147 813 231 567 840 339 650 404
565 401 508 678 298 523 462 166 632 482 241 746 39
1209
13
108 170 677 408 113 688 627 341 4 73 1000 755 41
852 656 786 371 650 161 503 444 930 33 421 254 54
1819
14
292 505 569 580 217 249 81 149 44 565 305 14 140 314
874 835 466 863 177 641 638 101 362 514 877 61 707 625
4586
11
103 656 850 801 404 738 969 585 142 945 26
650 248 301 366 599 307 753 253 809 11 305
2428
11
83 164 540 417 84 440 3 319 497 882 130
528 620 150 751 35 535 903 887 920 83 39
194
10
503 50 782 812 857 466 61 699 797 588
835 530 899 876 808 87 216 284 549 889
5534
13
375 89 957 236 503 143 977 436 112 441 939 21 352
545 194 564 895 51 452 869 490 953 227 380 452 942
3641
15
764 34 738 427 696 657 758 702 509 722 287 47 35 1 510
547 275 230 893 72 999 832 359 418 243 330 39 965 770 927
6516
11
659 498 443 683 470 609 322 98 861 935 596
689 972 440 493 207 342 804 728 911 98 997
4231
10
840 376 328 171 47 940 153 981 119 609
237 543 535 133 884 626 178 996 349 244
183
10
247 450 798 904 674 16 725 929 965 414
135 232 346 186 830 226 754 539 514 824
1365
15
491 526 317 903 348 405 862 400 357 573 947 581 327 611 448
431 867 712 130 553 846 276 977 630 440 289 194 427 540 546
6775
11
416 633 857 152 297 403 409 920 760 370 860
791 968 566 393 22 145 387 662 882 175 833
2121
12
293 765 101 604 799 983 787 741 305 284 776 118
527 395 620 511 318 797 572 271 320 207 369 161
3298
13
255 423 118 842 616 41 947 425 822 653 642 477 547
284 182 541 394 763 145 108 435 407 800 792 926 585
4095
13
329 28 214 797 827 45 625 612 819 77 870 614 913
785 674 453 479 797 583 46 700 786 149 903 584 94
1090
14
246 407 123 526 50 273 993 299 916 120 659 443 990 485
126 547 953 9 24 901 940 664 70 153 183 216 608 23
1664
11
704 3 712 572 512 583 265 746 730 316 217
429 662 402 253 799 48 590 339 497 695 831
5349
10
773 492 173 431 905 943 30 626 241 946
573 491 209 539 987 58 87 796 884 247
360
15
879 156 411 930 355 285 997 572 881 165 531 866 253 40 123
513 286 239 897 523 881 565 934 451 452 567 47 112 662 106
3702
10
97 954 789 244 341 624 394 412 270 176
781 25 571 257 209 267 113 199 299 500
3221
15
230 150 563 524 344 359 346 358 538 783 253 771 65 809 51
136 318 172 81 792 652 162 737 32 661 352 282 870 574 771
1579
10
797 540 915 714 871 582 4 97 499 942
932 149 737 458 830 558 558 783 313 839
4495
12
916 906 962 105 274 491 34 741 835 942 402 347
915 17 93 990 917 437 464 375 614 573 403 856
639
12
117 580 654 192 389 436 893 145 477 213 741 87
511 848 608 639 831 329 84 468 404 416 940 84
4102
14
860 715 164 962 58 711 432 0 911 608 479 496 388 482
247 844 55 123 975 437 290 4 243 121 227 927 578 940
4269
11
451 678 62 228 829 75 836 360 848 730 150
644 691 17 389 666 13 5 950 235 159 442
936
12
768 677 739 902 799 601 156 389 203 775 161 137
652 228 193 689 432 604 48 348 998 643 159 92
1616
10
198 659 451 857 339 536 788 982 983 20
538 158 923 993 947 392 261 229 37 142
2954
10
563 228 717 218 140 823 633 803 387 339
33 667 395 404 958 456 198 717 374 158
1080
15
137 383 916 860 141 452 799 875 534 571 722 65 104 943 76
976 85 427 137 574 651 114 372 285 428 825 276 521 570 604
3504
14
645 301 994 561 113 786 93 668 946 272 569 704 112 389
554 818 850 741 501 221 911 699 20 633 217 382 800 491
7663
11
920 18 85 725 119 591 907 753 453 839 377
45 763 711 886 658 256 162 952 279 565 586
891
11
595 106 159 152 832 16 718 714 152 326 594
847 458 728 351 910 762 797 590 786 876 474
2724
11
624 268 561 166 971 410 207 65 915 525 157
438 655 80 991 662 968 560 976 799 48 530
5973
10
148 720 907 182 4 122 29 678 176 439
63 117 151 877 10 303 889 933 134 314
1155
14
979 155 469 576 459 367 976 863 502 714 987 914 243 6
168 485 493 40 477 76 327 112 906 875 665 708 680 92
4741
10
585 382 856 384 324 985 687 13 801 170
996 724 437 557 41 370 699 163 912 40
4839
15
759 22 705 301 350 452 43 891 734 207 535 487 624 442 561
305 867 411 621 377 551 922 35 460 199 111 856 933 817 599
3451
15
238 729 323 925 6 413 500 870 14 21 54 35 622 648 553
734 635 219 664 764 452 329 38 572 47 940 294 947 520 417
3253
14
38 224 989 45 214 32 788 83 418 724 519 931 685 554
886 876 266 538 340 967 130 79 549 770 37 389 716 507
6850
11
555 346 448 43 175 165 16 936 387 567 240
803 416 496 17 983 932 424 835 932 442 932
4488
10
223 640 874 351 306 245 224 686 199 154
109 540 245 359 344 796 719 395 826 170
121
11
215 493 129 776 625 438 854 277 139 832 153
167 352 457 139 678 995 676 161 252 466 938
2893
14
258 820 851 391 963 208 894 431 207 965 619 426 21 847
680 669 613 414 81 855 213 414 599 950 296 974 535 183
1434
11
658 93 565 651 538 582 86 950 375 162 546
60 852 272 104 43 678 543 987 332 881 410
3226
12
32 979 160 53 408 595 834 126 17 580 352 536
387 283 155 522 740 643 643 311 680 975 201 389
3416
10
36 619 469 996 677 282 66 245 293 796
954 789 442 961 137 651 674 809 533 412
3356
15
130 587 127 15 250 751 160 240 499 14 807 666 564 740 381
432 38 118 208 270 833 134 17 979 259 521 370 67 103 493
164
12
440 607 606 944 252 650 846 654 853 219 974 676
810 230 468 278 473 335 718 704 905 367 876 439
1731
11
632 542 357 43 307 705 1 965 836 972 12
546 434 303 252 644 621 39 371 510 701 36
443
14
329 491 228 598 461 734 229 732 660 610 338 193 792 44
629 343 722 258 269 928 868 216 56 987 865 276 289 583
6953
13
522 292 750 197 41 972 539 456 378 339 728 496 33
620 35 353 965 719 604 427 597 542 904 476 125 730
3803
11
378 925 912 255 951 737 398 650 31 852 264
931 555 799 422 971 445 817 599 42 686 778
4426
15
36 660 182 265 749 570 140 34 220 420 647 882 298 12 202
752 619 125 398 872 155 429 871 489 180 832 135 464 185 368
5848
10
942 33 351 233 733 943 438 2 783 256
581 897 666 12 149 932 375 1000 684 380
1170
14
602 320 394 608 487 780 778 352 36 121 107 148 828 209
998 181 514 643 310 191 133 171 594 230 574 899 892 479
5955
14
5 211 817 125 230 261 155 297 825 696 302 188 85 618
644 336 774 595 1000 278 478 668 669 555 893 62 663 247
53
12
764 618 162 789 87 626 258 671 548 110 899 560
257 645 630 212 144 992 198 558 499 662 21 472
4259
12
803 493 627 218 65 465 692 20 14 801 462 667
911 829 338 795 319 734 273 900 954 441 170 770
165
10
157 282 311 398 255 453 532 750 373 728
729 327 748 48 465 456 865 981 468 823
4112
10
892 491 978 310 666 892 639 947 469 389
460 885 420 158 488 802 123 926 770 545
3817
15
693 961 646 878 702 36 338 157 544 256 926 266 601 939 518
987 375 453 776 882 494 188 486 128 300 594 3 507 165 213
5089
11
962 360 854 195 909 61 424 516 863 132 884
854 988 862 351 825 315 313 230 195 458 574
3322
10
777 726 177 706 599 589 715 52 349 76
149 597 37 831 730 627 808 900 158 745
2383
13
623 414 633 613 593 547 713 118 179 222 19 58 627
0 344 762 361 993 741 143 779 498 164 840 505 13
3150
14
655 137 620 133 815 920 977 239 19 366 52 262 602 856
617 985 200 197 170 60 212 394 988 808 110 623 39 844
595
10
924 704 116 603 936 165 411 533 836 760
637 1 387 302 875 257 697 502 304 90
3767
14
240 57 466 241 148 168 890 848 504 380 779 658 405 492
917 589 32 746 715 807 757 426 193 723 109 755 621 422
1110
11
20 137 598 383 784 638 857 651 980 604 937
348 330 428 59 150 801 144 403 438 540 425
2593
15
686 690 220 563 557 373 262 39 607 962 318 324 717 553 797
261 954 530 932 98 536 374 235 815 797 702 649 999 407 239
5721
15
297 167 259 446 92 841 23 36 646 779 770 176 835 895 722
354 878 448 496 53 909 931 986 267 942 176 203 984 615 7
3687
13
585 211 354 136 512 900 789 484 191 563 406 870 422
123 53 511 102 671 150 975 659 753 100 515 718 740
3665
10
434 626 669 266 290 513 338 569 773 67
25 417 721 876 709 136 455 593 545 389
1584
15
966 132 897 396 604 566 409 968 460 943 603 543 893 139 11
785 223 197 698 697 179 572 0 984 341 65 579 744 825 357
2290
15
844 899 481 417 862 506 13 440 534 885 883 431 109 97 422
626 519 790 3 436 340 844 164 629 830 904 175 375 585 214
1792
13
219 579 86 149 389 869 271 60 468 997 566 87 968
173 615 256 486 959 796 21 897 593 949 713 460 415
7134
13
978 216 96 542 376 797 437 346 605 287 520 395 84
962 961 146 415 832 873 27 801 952 766 164 646 654
7704
15
984 151 359 25 627 370 440 141 443 975 419 81 592 558 729
844 901 164 240 474 453 763 222 767 610 401 764 659 688 83
6661
12
341 636 60 596 206 976 569 997 373 669 747 163
517 90 585 704 34 174 466 907 13 448 722 712
4132
13
736 276 595 76 902 88 586 111 52 454 244 914 333
876 162 875 489 615 320 178 805 928 592 223 982 492
4920
12
993 877 719 604 24 699 483 741 315 656 537 578
538 386 894 696 303 409 606 854 122 191 416 516
4202
10
447 493 73 138 346 395 493 124 864 148
180 980 653 119 906 912 868 776 90 502
2542
11
11 572 342 819 729 153 766 661 471 814 528
108 46 107 646 516 117 15 508 301 45 832
3211
10
344 977 252 764 873 769 719 605 598 808
13 703 76 888 699 734 874 221 640 275
2187
14
344 235 183 717 167 704 236 487 570 381 250 750 964 800
491 561 220 51 603 538 889 752 279 873 93 770 166 131
5421
11
568 959 85 780 951 917 785 198 186 895 707
871 816 662 875 802 166 52 820 552 761 297
811
15
138 31 254 458 235 663 845 877 741 708 743 737 758 626 443
750 673 137 464 249 164 71 6 643 49 995 615 152 441 120
915
11
459 233 940 847 321 792 580 208 647 108 470
304 595 575 877 560 969 896 291 677 516 466
3814
11
771 992 336 685 621 126 564 759 433 178 590
53 911 135 959 264 500 80 606 684 606 632
2531
10
309 556 431 132 401 590 595 621 323 124
942 883 423 665 353 643 53 861 958 58
434
11
329 600 774 12 528 200 40 449 463 94 595
71 113 217 885 953 991 838 603 352 473 36
939
11
636 335 138 913 373 103 485 347 260 242 479
159 241 870 458 55 686 132 558 761 306 84
637
13
337 507 120 724 269 79 181 285 131 608 64 168 358
536 388 22 218 327 343 744 4 268 77 4 312 437
2404
13
246 299 616 346 788 493 896 244 202 821 989 388 394
523 671 308 770 447 786 669 675 786 943 73 986 544
7149
10
595 343 78 186 290 379 635 962 773 837
806 769 987 183 237 329 162 692 113 644
1059
12
677 404 709 712 189 152 720 80 797 38 235 12
674 99 597 92 915 520 723 411 879 172 368 455
2015
12
826 543 307 619 623 422 154 241 779 28 427 52
441 67 288 798 59 395 443 715 737 798 149 293
5176
13
644 268 983 217 369 618 527 897 796 124 156 906 201
628 644 771 208 493 512 620 244 909 121 767 643 819
4355
10
790 753 903 306 827 42 515 849 29 326
372 139 150 750 194 799 292 306 130 419
776
11
381 446 688 754 600 165 930 793 427 507 764
591 703 468 146 451 883 460 347 234 255 138
1325
12
84 789 572 82 65 929 307 196 117 446 532 875
726 129 906 704 660 967 808 136 614 397 343 811
4905
14
621 33 107 796 717 331 915 94 926 761 664 748 923 523
806 102 165 307 850 162 264 37 509 337 181 627 32 218
3359
15
895 771 49 88 726 687 872 673 376 811 293 810 962 35 299
927 114 540 338 868 621 63 33 444 66 863 309 962 183 332
2853
10
273 689 705 179 5 450 218 882 971 344
534 986 431 370 523 687 932 649 124 745
2092
12
749 541 805 579 719 481 2 772 463 562 95 561
692 103 382 184 793 987 778 734 874 426 527 344
852
12
461 952 754 481 714 36 721 761 211 862 378 243
633 654 387 387 223 339 188 657 790 968 209 885
715
11
727 975 111 970 401 793 0 555 916 189 816
174 957 645 719 598 131 535 766 880 152 175
3170
13
73 490 722 199 979 83 5 463 715 169 863 205 738
742 950 365 998 347 634 812 276 187 370 480 264 931
7083
15
746 753 5 719 241 152 249 849 954 746 543 778 243 848 172
286 26 723 167 414 620 820 834 483 603 553 247 744 986 965
3189
15
649 885 187 970 116 917 317 475 116 27 755 936 304 446 62
904 438 962 647 507 515 902 257 844 73 684 882 794 271 283
1719
10
647 547 199 350 443 887 2 700 406 221
455 495 609 461 526 48 324 870 728 466
378
13
686 247 712 792 412 252 940 431 764 127 152 869 652
364 583 975 984 115 634 907 487 838 22 924 872 298
7696
13
594 808 388 67 773 998 923 364 949 153 29 82 124
350 483 70 499 114 102 404 30 660 398 481 330 163
2382
12
763 533 487 76 529 894 827 609 216 296 111 49
161 226 28 605 75 120 984 334 885 477 165 164
3359
13
360 887 424 356 783 881 664 434 73 190 6 176 333
371 637 652 544 434 677 249 986 265 705 250 349 598
5186
12
918 439 179 670 936 292 663 371 952 302 601 627
399 409 372 970 536 153 355 740 244 776 954 105
3463
11
170 369 141 413 794 221 157 723 221 130 775
531 262 276 555 12 27 68 711 751 8 296
2193
10
985 510 921 574 659 215 166 888 252 861
871 902 335 573 670 650 916 152 877 573
3175
12
423 611 873 703 222 453 693 515 672 295 628 780
746 137 668 368 741 700 56 102 955 893 880 57
4570
10
518 201 347 774 324 110 739 283 106 837
379 414 365 632 655 412 799 738 215 601
2065
10
931 464 627 448 586 322 813 477 790 58
420 421 545 968 285 793 899 871 897 97
1676
11
210 842 562 906 5 358 799 762 946 238 809
762 798 907 235 632 666 825 39 839 772 964
4523
12
833 60 894 468 669 709 235 953 110 386 309 748
984 761 391 905 738 451 47 239 836 784 85 715
260
13
210 503 972 52 799 423 765 124 180 446 935 246 77
69 253 509 784 463 362 740 639 247 357 716 271 546
2161
13
50 85 179 86 146 908 684 792 910 227 954 195 444
452 486 985 775 823 29 356 876 915 117 748 971 234
7713
14
491 790 473 744 532 813 500 463 928 947 391 797 0 216
639 791 59 987 853 151 710 920 564 443 978 868 8 785
6932
14
779 930 241 904 873 410 386 844 377 181 931 626 339 363
975 656 328 90 758 368 380 684 347 330 15 870 421 922
7093
10
857 598 415 302 395 44 381 647 691 449
473 176 9 727 576 424 401 40 867 742
3925
15
516 255 283 147 264 301 958 322 164 272 996 915 423 833 678
914 280 154 98 309 438 319 364 422 969 60 355 852 863 433
2733
11
136 676 330 535 389 518 457 58 526 631 999
256 195 775 391 745 875 316 13 602 885 990
1151
11
610 20 460 431 561 389 115 296 526 797 75
110 599 548 72 724 153 391 568 523 229 442
22
11
652 946 147 259 46 820 18 412 226 149 196
93 374 334 922 959 53 471 74 703 483 10
1463
12
628 314 537 455 359 152 804 649 340 880 697 838
43 785 649 316 645 258 904 548 588 712 232 528
4486
15
610 354 274 909 519 800 441 672 111 402 992 438 234 877 549
79 643 491 517 398 845 981 21 790 349 962 326 388 86 261
2381
11
726 135 331 658 947 895 370 522 59 286 601
85 15 900 951 850 63 467 377 610 169 758
4148
12
999 74 552 923 531 116 900 889 611 858 120 432
343 89 704 267 561 60 71 911 985 792 836 665
3700
13
10 899 925 509 263 469 310 165 141 747 253 637 20
609 545 758 535 133 262 577 559 592 812 689 785 962
6123
14
408 945 369 725 448 579 351 261 830 363 834 875 728 796
665 379 302 813 646 315 206 606 324 184 634 981 376 147
4388
15
158 420 486 870 846 26 749 91 518 597 887 219 606 269 268
188 521 752 259 759 232 600 38 216 298 871 911 512 913 743
4481
12
24 647 362 648 492 206 234 689 990 130 652 310
754 731 458 354 245 74 624 823 813 731 242 154
5166
11
517 96 852 959 606 763 396 538 581 814 267
971 997 522 541 184 865 724 731 314 501 519
4590
13
73 4 421 982 926 783 196 684 125 726 280 424 143
398 559 136 482 975 345 394 950 388 54 368 968 451
480
10
602 797 427 682 201 588 833 463 125 714
362 943 572 105 945 331 995 536 167 640
3810
10
383 293 196 179 961 287 563 938 652 879
98 581 523 304 815 320 460 757 194 285
3029
15
517 142 661 140 587 900 661 678 481 700 952 22 708 262 760
765 184 793 14 772 810 236 680 880 302 577 382 86 62 84
2453
14
413 366 951 3 92 471 734 735 459 653 179 742 890 753
180 742 738 454 165 814 689 381 84 512 938 625 289 324
5990
12
554 100 450 116 447 36 661 209 989 640 114 111
551 94 139 34 129 730 559 433 824 354 91 10
64
14
591 253 521 156 181 704 566 915 793 490 900 494 569 229
859 351 74 900 152 958 219 382 501 26 304 250 384 35
763
11
875 503 242 547 98 430 729 254 230 891 122
108 392 363 382 124 384 593 371 742 264 444
2515
13
604 926 778 685 252 210 496 142 433 959 877 712 530
18 859 835 606 723 6 529 358 541 721 484 344 636
1949
11
620 559 247 762 194 788 883 536 230 290 383
113 482 557 966 146 259 304 397 384 37 556
3894
10
905 945 662 374 369 252 116 910 674 736
188 58 950 586 37 533 2 732 204 272
48
13
261 288 339 259 260 851 589 786 8 407 578 346 457
59 529 75 522 205 364 616 310 645 127 46 947 284
3620
12
176 695 561 728 875 435 842 196 393 751 26 542
68 33 185 782 945 434 592 16 987 189 226 297
2193
11
944 685 326 285 695 707 95 383 694 517 888
980 895 175 315 598 303 608 101 747 137 0
1930
15
425 416 230 11 454 660 411 757 81 261 235 288 407 228 955
286 312 313 464 356 668 438 707 851 626 471 944 937 414 605
2962
14
709 529 893 334 157 176 743 797 98 542 767 502 276 624
689 264 919 540 695 824 764 131 194 881 296 115 964 721
225
13
220 741 460 903 547 620 827 550 131 805 808 641 933
517 161 467 17 985 638 534 584 291 654 440 569 196
4453
14
935 671 658 204 623 573 397 76 161 27 697 332 962 498
394 853 923 235 986 278 676 330 860 644 923 223 115 684
4909
11
732 997 820 614 301 158 130 86 184 88 779
207 754 610 983 999 207 231 661 586 359 827
4494
10
674 318 538 852 404 582 586 798 271 191
482 379 217 25 404 98 241 375 432 196
1806
11
934 279 430 564 59 380 359 54 447 310 256
685 788 164 656 153 226 262 176 241 798 315
570
11
486 186 564 810 443 539 250 805 248 698 357
962 881 356 978 232 247 40 871 780 191 359
583
13
615 149 290 864 613 620 237 875 553 927 295 117 595
174 984 179 789 408 181 25 584 311 600 138 698 905
5604
12
859 724 844 958 151 330 260 493 910 635 875 833
564 999 766 597 432 383 20 176 360 592 995 937
2656
12
210 384 233 939 969 184 305 522 401 495 479 928
657 892 678 505 622 521 505 839 620 816 670 23
7123
12
848 694 356 537 513 635 873 524 168 351 839 311
539 744 442 737 212 540 551 629 514 374 400 495
3663
14
36 656 773 848 751 975 331 823 745 327 232 998 993 644
19 463 777 355 936 253 18 438 542 525 293 982 464 185
5028
11
947 450 371 475 541 927 434 76 643 1000 382
691 65 907 374 265 112 877 230 153 259 281
3189
15
530 891 609 140 33 593 265 731 264 374 584 456 879 206 566
259 936 888 362 674 976 240 295 739 535 601 662 111 542 426
1510
11
45 832 122 5 869 985 756 419 970 900 646
114 618 715 77 906 790 358 700 594 340 469
4023
13
760 332 782 90 24 967 596 418 520 886 653 481 851
618 220 398 316 414 620 694 891 580 869 27 140 612
5042
13
380 325 883 506 607 523 875 660 235 605 482 99 461
621 665 861 779 699 558 476 627 183 377 846 148 115
137
12
546 560 390 881 18 779 607 34 164 916 48 700
623 766 242 367 981 294 727 61 807 344 523 727
5480
11
246 748 857 845 186 31 275 427 883 202 84
785 208 893 851 579 127 251 439 632 534 946
1832
13
425 216 623 485 615 384 815 654 729 968 749 308 779
59 427 855 46 6 527 134 828 997 477 12 546 76
4404
11
46 513 254 580 47 715 169 64 522 385 30
124 515 805 151 809 233 160 870 37 877 778
2802
10
305 250 532 986 377 802 264 58 543 615
354 616 863 316 487 54 79 234 207 561
3040
13
386 25 366 26 635 205 283 189 214 466 383 234 991
662 391 994 833 360 187 808 157 994 445 859 179 832
2820
14
934 263 997 964 273 907 161 7 278 834 610 276 142 103
791 589 463 8 391 652 569 438 318 530 577 354 537 563
4371
11
945 81 697 402 859 726 303 889 79 699 518
430 719 252 752 1000 657 621 387 741 358 96
5365
12
552 680 906 982 512 442 516 722 660 587 1000 760
628 268 216 333 799 279 297 344 687 49 12 941
2867
14
948 218 859 269 730 12 887 527 417 609 760 195 162 308
962 169 730 570 351 597 683 463 641 733 798 258 462 445
6708
14
86 297 156 75 255 382 573 111 896 300 325 578 232 90
399 104 722 804 812 966 424 732 548 779 430 769 166 476
5284
10
101 186 478 407 365 927 566 536 742 579
306 538 296 896 254 73 105 692 714 351
3240
14
5 34 130 836 660 79 48 539 431 297 909 432 497 954
406 12 385 673 4 228 353 239 75 556 998 664 670 603
35
15
913 724 677 916 719 580 53 244 299 527 530 376 310 124 150
351 596 12 15 582 29 441 304 681 92 138 321 553 500 618
1493
10
598 99 168 568 853 217 274 502 456 718
786 124 328 919 529 2 994 612 56 309
2248
13
997 147 767 478 397 89 144 382 761 949 807 141 633
968 858 746 837 281 517 535 922 691 35 133 99 279
297
10
698 262 815 719 994 710 279 498 899 491
455 511 648 721 238 409 926 860 926 678
4411
10
747 729 394 687 864 104 329 624 975 344
194 238 400 844 807 725 423 610 360 30
4426
14
941 991 521 978 350 303 819 988 221 85 208 695 655 934
643 427 848 118 158 104 388 630 950 637 376 480 367 66
5167
10
681 462 547 727 521 86 141 775 454 732
928 980 571 493 342 679 912 745 242 875
5577
10
818 982 656 682 327 56 28 591 313 329
616 670 682 985 14 479 76 789 624 428
5096
11
355 798 404 685 53 146 933 776 89 487 681
230 467 628 965 773 379 73 688 182 860 164
3105
13
701 338 669 527 619 373 342 391 147 395 654 763 680
522 127 707 417 367 118 443 912 208 653 203 155 414
227
10
976 836 782 736 139 377 413 733 626 148
884 737 982 512 662 230 496 254 586 567
2941
13
381 244 909 229 68 246 648 987 25 31 643 745 874
608 771 860 801 664 169 622 589 641 910 730 815 394
7858
12
710 337 154 477 2 171 673 525 924 721 667 496
561 963 560 789 149 772 783 542 111 602 15 642
3638
14
404 673 221 58 605 482 974 542 206 647 862 202 662 110
25 328 406 895 926 979 880 293 662 941 136 594 427 454
1366
11
141 627 840 463 554 826 877 607 502 662 518
795 913 6 269 610 541 837 297 650 370 945
3512
13
0 265 809 520 740 511 223 768 354 104 540 512 76
565 432 730 103 937 967 442 992 880 883 894 626 776
6546
10
248 138 647 186 993 887 633 866 879 350
403 436 310 269 379 288 418 955 691 728
2735
11
972 743 309 704 957 834 835 142 970 476 394
887 872 882 261 54 251 432 862 878 288 944
2913
12
698 88 270 325 177 429 621 443 511 348 83 45
115 36 854 776 416 770 882 985 764 261 622 365
2430
14
358 178 719 639 845 905 295 132 215 684 296 882 582 773
308 855 766 371 513 695 754 133 874 399 371 842 276 934
117
13
712 648 101 440 179 138 584 389 850 498 295 941 137
710 286 919 352 557 837 172 295 383 306 829 897 892
1365
11
667 219 980 538 688 699 160 639 961 334 737
146 955 300 887 638 387 874 985 933 520 292
365
13
349 166 781 705 286 160 433 86 524 520 695 990 301
446 220 67 550 541 202 911 354 664 66 368 350 214
4880
10
136 723 925 722 861 985 325 378 284 811
177 252 575 147 569 966 624 253 995 519
4945
13
325 121 11 168 721 253 239 908 260 895 750 614 263
322 471 550 145 622 120 129 859 947 300 593 389 651
3834
13
341 870 210 600 533 141 967 420 347 218 32 217 980
161 102 635 962 204 818 129 439 470 630 780 792 446
3017
12
294 31 604 865 974 48 982 971 518 568 327 185
191 868 182 598 158 97 207 830 481 459 362 864
4158
14
327 546 671 691 535 56 633 12 807 972 780 249 916 248
152 5 664 599 689 574 261 598 251 152 790 686 748 807
6324
11
244 563 348 539 150 988 156 158 353 959 13
57 97 844 630 540 925 75 682 632 635 131
807
13
840 572 281 971 359 145 406 90 772 477 702 806 794
226 61 92 502 783 47 634 776 242 402 966 597 660
379
14
437 522 326 811 911 371 385 882 193 3 419 595 827 433
788 194 724 579 132 953 587 899 661 922 827 53 1 408
3796
10
920 793 628 480 733 288 548 723 888 679
214 292 28 440 258 437 300 33 80 92
2161
11
940 886 347 60 242 369 184 898 698 779 817
22 190 105 213 646 435 390 925 786 639 950
4005
10
309 375 264 677 57 686 340 929 13 726
906 637 204 710 556 291 598 475 374 639
2575
11
308 180 640 711 92 640 972 647 215 153 496
227 254 905 593 45 274 423 396 175 454 914
4304
15
437 615 178 161 149 730 964 650 811 939 934 989 861 535 7
416 585 142 773 980 324 470 848 946 502 268 481 570 396 958
3102
11
197 952 253 624 371 741 55 387 455 225 679
574 748 698 717 129 358 380 603 723 413 583
4105
14
151 325 182 355 567 414 466 975 847 723 212 113 265 636
193 925 230 441 261 129 215 584 938 336 292 877 270 623
4320
11
496 485 776 613 72 935 820 75 446 660 162
778 219 461 589 707 353 365 456 749 757 45
2828
15
487 208 649 335 635 196 322 267 610 669 587 66 635 214 143
987 116 219 146 559 667 560 632 391 672 801 777 759 128 531
4247
11
332 988 66 806 684 109 243 410 928 826 734
74 433 598 782 293 858 397 626 441 848 238
3835
11
496 330 785 438 78 376 950 450 461 662 431
807 594 687 916 242 572 860 710 800 792 822
3186
12
487 338 924 142 621 521 909 694 452 847 414 109
902 216 110 318 810 663 94 918 889 476 166 339
5289
12
836 882 737 205 701 457 323 266 881 515 581 153
759 489 105 329 850 50 292 503 430 666 11 674
4607
12
237 442 621 634 478 634 816 518 806 825 836 369
719 736 202 588 649 392 309 718 636 279 901 264
3431
13
444 115 826 383 895 603 201 298 541 531 325 748 215
926 211 5 294 58 705 84 554 62 667 958 207 800
1016
12
829 710 178 295 736 114 606 157 165 177 510 421
213 55 659 841 231 49 456 696 654 118 608 839
1884
14
486 836 252 415 253 181 101 312 610 840 759 813 825 298
102 466 801 233 503 94 142 739 85 316 992 26 460 202
1251
12
936 886 367 805 547 401 730 272 726 301 327 625
32 874 804 203 677 150 933 299 167 916 136 365
1190
14
854 458 373 978 977 391 82 990 109 580 71 943 701 510
267 623 1 117 969 920 702 92 862 359 752 877 449 227
3237
10
809 594 817 345 695 32 357 689 258 837
755 134 476 647 330 861 47 80 179 149
1979
13
150 180 954 467 328 377 587 951 881 477 628 731 465
723 678 797 250 404 925 988 284 798 444 971 346 53
1022
13
333 357 765 9 469 315 608 315 43 500 343 717 498
422 571 944 197 691 796 229 75 598 464 51 249 387
5600
14
293 815 676 880 25 100 377 955 741 367 451 948 634 254
347 160 534 35 190 118 768 3 163 354 804 218 77 207
1206
15
626 333 953 310 703 540 361 771 597 952 364 869 240 624 587
82 878 66 178 397 827 119 693 911 661 435 297 159 980 870
6246
13
91 538 408 439 377 937 961 689 491 175 324 324 223
605 454 199 455 563 968 836 961 663 157 438 138 930
5944
11
795 290 271 781 296 107 420 62 359 940 780
805 590 643 332 796 459 612 600 368 228 624
4631
14
651 570 177 179 712 408 445 583 497 805 871 25 269 9
885 523 123 976 400 417 200 332 563 399 920 530 839 784
6552
14
420 93 546 664 618 455 529 769 925 155 533 823 250 43
739 238 291 15 450 792 921 759 279 817 188 130 892 247
4270
10
265 80 94 135 184 642 314 253 283 611
415 832 989 687 304 591 482 592 385 651
5
10
947 180 336 134 337 274 113 602 223 634
387 965 846 502 680 533 155 206 459 436
1271
10
555 486 874 392 348 780 701 999 420 901
952 895 90 903 726 345 313 305 4 870
5289
14
448 566 527 704 393 524 985 443 968 155 343 557 496 952
849 215 112 870 984 957 581 700 848 771 325 940 269 777
8869
14
48 625 548 32 734 782 638 862 254 749 942 178 198 201
725 133 817 545 600 560 526 631 862 429 810 928 852 483
2400
12
315 812 734 777 868 978 173 227 561 900 861 726
933 700 950 582 529 181 599 365 256 864 631 476
1300
14
799 771 935 508 908 129 366 677 278 204 231 504 158 802
438 170 947 412 353 669 221 655 509 543 608 628 761 919
3098
12
524 10 565 914 644 966 954 429 397 944 979 59
151 4 664 826 691 511 303 30 147 770 379 777
4068
15
560 888 702 931 429 707 585 116 104 48 576 968 768 527 722
928 294 758 548 389 916 550 806 220 830 335 511 398 135 76
2641
13
103 246 101 801 79 274 324 490 739 168 6 2 297
996 875 550 366 419 776 997 65 799 706 829 162 737
7162
15
663 78 372 860 764 552 137 659 280 591 144 126 580 389 997
744 186 948 73 508 272 202 717 403 259 700 188 512 392 823
1055
13
554 329 93 529 738 266 694 315 52 642 507 315 775
287 602 183 90 971 455 679 156 975 968 852 663 921
7616
15
288 228 87 609 979 451 581 470 547 297 717 499 269 744 651
982 134 157 565 739 337 670 448 861 533 275 265 8 331 138
2724
15
952 313 694 576 590 442 424 435 400 933 913 265 331 65 960
334 983 41 943 427 663 209 775 993 188 256 306 658 55 161
2899
13
170 139 147 441 525 134 743 969 13 91 142 974 185
895 92 892 702 559 679 855 562 544 951 793 410 258
4259
15
292 508 373 850 204 942 436 72 850 670 140 810 276 251 293
304 355 55 765 995 718 182 143 465 977 81 36 691 9 874
3726
15
41 991 357 545 431 349 638 413 263 922 941 177 584 891 511
254 639 401 98 947 961 659 445 258 597 331 120 875 81 585
6184
10
249 151 904 130 957 458 347 999 175 740
300 352 795 843 339 724 463 773 833 479
4433
12
126 725 199 472 526 224 147 474 852 742 486 375
787 500 200 333 429 884 785 656 636 591 121 680
4912
14
845 934 689 598 439 487 950 179 846 737 36 571 587 195
882 580 268 404 687 38 246 796 337 246 494 627 346 53
4441
15
665 672 735 263 128 91 121 212 71 779 664 623 512 101 434
17 567 101 252 554 615 835 44 70 32 771 832 144 732 371
4306
12
712 814 682 478 41 194 771 521 21 191 952 785
368 430 62 152 268 873 964 776 928 280 7 354
4604
10
858 216 618 526 737 447 965 965 610 89
286 346 468 211 815 469 786 149 384 869
193
15
422 719 72 763 42 172 57 586 597 521 118 458 136 82 380
254 78 127 983 772 230 264 1 979 528 855 316 651 490 640
4669
10
786 836 338 238 313 194 735 208 914 7
959 939 628 467 159 444 977 154 983 23
2686
14
556 846 94 837 639 566 141 430 348 305 701 290 118 12
87 723 112 469 631 275 857 972 509 226 580 104 974 101
5982
14
610 525 230 758 866 364 770 354 180 102 832 218 521 92
478 954 673 556 975 767 32 690 457 831 761 791 935 927
3493
10
316 884 842 850 16 480 100 455 675 750
355 526 344 366 386 62 724 762 550 137
1767
11
950 740 381 282 912 188 674 438 672 756 327
47 842 577 484 19 156 189 634 543 116 868
3809
15
680 552 64 626 36 601 806 99 972 689 166 470 61 172 650
752 279 780 215 812 566 556 921 918 224 537 352 477 673 863
4699
12
595 590 124 762 516 194 546 146 332 418 594 816
897 948 107 623 563 986 8 560 543 787 866 589
1156
12
598 723 502 721 520 574 487 878 66 979 440 483
264 655 694 397 924 626 845 936 478 947 45 438
2329
15
549 132 915 424 67 374 218 675 894 835 331 802 70 726 331
982 266 537 821 479 568 980 315 944 730 988 115 948 479 110
4647
13
990 144 377 359 941 416 713 586 403 585 328 856 472
607 457 758 41 574 664 706 633 686 851 559 906 123
6904
11
234 137 565 653 127 590 500 290 336 73 837
70 644 246 180 445 550 375 623 84 516 623
1930
11
59 285 59 294 474 325 151 578 14 513 114
199 745 914 407 565 941 890 341 580 833 897
5352
15
504 747 638 965 645 128 125 38 476 261 840 515 876 694 155
814 790 956 774 288 115 800 402 724 251 612 990 433 187 210
5123
12
10 280 521 156 814 361 978 376 181 27 547 484
498 225 145 884 643 8 871 437 361 518 281 274
5113
10
83 888 419 775 79 168 163 667 672 664
429 337 195 423 33 708 452 990 997 17
821
13
870 383 668 302 292 915 329 800 571 709 481 44 845
747 602 660 959 729 153 891 586 140 262 243 144 800
3516
11
256 934 487 339 135 566 830 14 582 540 99
280 501 104 294 78 916 915 136 43 1000 722
1490
10
347 505 600 275 390 749 198 504 576 327
25 396 203 9 325 717 176 439 477 824
2975
11
839 373 448 897 540 343 959 342 199 610 720
238 900 861 154 280 573 9 29 95 836 155
803
12
795 880 701 674 407 751 532 686 412 353 170 733
415 625 992 526 577 392 887 14 358 236 534 192
974
13
140 62 703 874 206 721 685 699 459 860 296 472 442
854 623 609 305 498 175 318 170 466 79 744 658 171
3093
11
209 284 22 297 920 903 687 2 872 360 739
870 503 176 595 818 947 837 581 432 921 310
3774
13
351 904 367 146 854 842 422 192 477 98 167 237 600
386 316 974 63 286 6 488 715 550 180 683 726 197
3597
13
210 131 321 527 96 454 432 1 577 349 212 589 681
728 60 57 998 773 735 139 869 455 819 920 484 861
437
13
284 266 165 779 499 921 63 226 705 151 767 46 37
346 725 356 929 561 656 985 34 840 656 683 0 666
2827
10
119 55 0 373 354 102 630 183 642 206
429 930 414 806 181 954 34 878 819 438
2683
10
193 2 907 119 118 654 355 832 693 424
424 994 692 238 874 557 161 147 958 450
1308
12
7 148 846 448 933 356 334 146 21 573 311 461
512 182 627 130 424 38 565 712 295 584 792 467
2491
13
406 263 505 411 559 948 597 735 842 784 242 53 722
358 183 926 13 87 7 113 297 229 515 330 890 728
2477
11
167 856 38 969 286 108 30 264 401 53 987
283 123 637 853 704 101 139 875 182 898 201
2264
14
460 261 937 251 885 258 56 833 587 399 729 611 563 534
173 99 115 801 5 354 276 591 265 793 945 706 729 575
5483
11
908 57 253 20 315 538 770 706 836 650 978
477 554 113 526 801 603 589 157 72 783 445
1026
12
847 967 434 831 748 24 889 966 274 848 871 100
947 32 751 583 618 504 79 754 541 363 819 259
4506
13
42 514 447 605 997 862 687 49 714 993 97 854 680
703 339 281 219 93 944 886 758 697 888 201 814 392
4662
12
481 326 812 683 134 474 507 104 253 469 220 543
552 97 607 553 94 987 252 24 509 278 275 76
2413
12
651 91 38 217 725 24 940 136 360 310 415 777
715 50 42 143 771 270 163 202 336 952 797 955
1023
14
449 70 305 972 975 41 447 952 520 986 346 242 5 582
735 634 402 471 748 481 371 644 681 670 403 142 254 635
3228
13
213 684 29 649 619 734 300 562 254 18 908 115 33
650 19 984 458 969 627 680 264 565 100 857 300 578
2037
11
501 453 530 487 667 980 195 874 147 602 678
271 200 960 282 415 844 845 154 568 350 146
4038
12
255 280 509 278 463 387 248 363 776 957 444 326
482 756 129 9 988 675 342 680 312 842 221 956
150
11
662 419 255 828 71 356 464 355 396 774 97
956 430 651 496 756 490 736 837 671 26 699
1552
14
855 200 481 186 193 767 518 735 310 988 528 256 423 961
790 763 27 19 269 189 317 741 136 725 897 359 118 543
393
13
581 484 271 117 934 683 792 160 90 175 701 82 35
209 144 472 924 255 965 709 43 459 187 87 705 130
1241
13
416 792 97 461 412 568 294 420 339 115 530 909 68
12 926 395 796 320 801 903 851 833 41 196 421 75
3940
14
219 366 184 118 428 299 127 841 348 800 653 134 677 445
184 63 608 330 105 53 901 859 321 980 49 343 429 654
808
13
795 440 936 201 154 594 458 321 220 132 757 269 24
438 815 38 950 842 254 151 143 756 102 377 933 888
408
11
476 581 617 523 942 284 73 359 529 901 339
599 971 915 752 760 703 420 964 12 389 218
649
10
899 579 758 643 86 137 534 555 518 758
259 414 632 901 37 27 778 282 472 584
3710
15
694 297 594 208 290 35 990 271 964 164 24 387 766 859 732
70 331 385 910 828 62 599 490 714 772 339 659 907 613 721
1074
10
636 187 577 765 486 979 240 329 849 601
603 511 625 955 815 337 999 517 999 457
2225
15
726 363 598 863 762 662 397 654 307 845 982 390 397 546 976
880 933 161 319 12 40 492 851 346 951 579 115 526 891 579
1082
13
693 589 794 595 126 562 30 332 426 891 219 304 366
449 192 595 250 572 389 304 543 188 683 12 687 849
2997
14
541 18 192 27 966 670 579 831 251 343 933 538 82 501
263 535 516 565 471 38 846 201 838 284 696 738 806 583
1700
13
310 838 698 738 775 860 985 363 372 245 438 845 435
384 991 194 539 398 831 746 86 485 656 98 850 385
2552
11
298 880 781 891 460 350 614 863 1 584 338
564 745 359 796 419 312 747 762 284 96 502
5494
12
494 251 375 807 114 697 43 497 834 375 606 152
518 246 424 782 203 272 769 1 151 603 902 442
4918
10
237 136 617 945 960 666 236 578 15 449
529 113 730 778 567 902 275 915 859 884
573
11
422 870 306 559 548 806 670 695 342 715 743
183 132 645 614 320 327 793 494 810 490 685
620
13
462 722 885 768 489 687 345 13 764 14 317 296 74
254 533 748 17 244 475 898 519 114 462 206 709 816
2475
14
359 274 909 526 869 897 944 230 346 651 317 877 354 421
142 468 350 638 110 812 296 659 291 259 355 237 278 795
2987
10
253 654 874 446 852 234 803 372 338 564
99 173 610 893 843 960 702 49 273 159
59
11
991 911 17 390 580 490 607 988 524 110 927
868 293 764 754 132 87 82 157 318 648 422
3671
11
638 810 466 498 950 903 388 498 697 28 818
221 762 60 727 418 430 105 342 801 650 254
1578
13
825 486 201 900 102 733 127 130 484 846 771 766 396
120 783 356 866 21 382 967 948 129 318 712 835 600
3812
13
868 351 157 616 201 662 751 173 856 160 779 492 315
360 560 547 69 835 244 43 558 956 351 891 915 605
2325
13
195 848 34 552 494 612 521 330 196 742 599 590 199
862 267 139 293 894 839 882 759 900 255 142 369 298
1048
12
641 609 129 607 111 646 364 341 354 747 485 31
424 291 692 310 854 451 357 900 205 69 896 487
1474
11
729 560 304 453 286 990 723 509 998 40 959
532 101 636 58 484 894 786 402 595 170 171
879
11
914 752 324 300 911 274 228 412 324 411 943
143 292 205 555 224 645 955 142 745 98 144
3522
11
972 283 434 987 682 134 719 858 108 864 795
114 448 628 82 543 835 68 242 244 366 736
2669
12
511 681 843 536 928 727 839 383 680 734 358 733
874 836 257 761 261 39 549 45 617 213 448 767
3912
11
35 113 636 835 173 273 151 431 661 218 619
978 108 899 789 423 609 977 909 5 184 935
6216
11
734 740 541 44 854 465 257 761 476 798 364
38 348 291 329 378 986 840 21 652 561 567
4017
13
291 679 482 871 472 54 780 72 176 217 114 268 327
131 75 715 160 260 783 433 91 48 618 489 461 858
143
11
753 838 522 324 264 640 212 985 32 19 219
882 942 659 130 520 421 960 27 652 870 129
2599
10
25 565 355 980 98 637 532 295 750 63
850 621 99 821 296 460 440 755 3 59
2642
13
317 446 354 865 967 438 133 302 513 893 184 435 58
518 680 493 182 272 579 611 125 221 907 785 656 491
3205
13
326 466 982 470 368 962 639 161 121 935 456 300 946
406 415 872 376 167 719 540 821 330 135 756 964 893
15
12
66 925 252 400 398 470 980 410 970 571 199 238
756 220 471 976 882 889 750 743 836 685 792 736
3088
14
156 945 211 378 96 959 342 53 658 711 674 396 65 340
732 412 852 722 489 341 585 626 798 804 328 98 566 284
1498
15
693 788 348 348 424 124 766 33 305 348 371 224 240 690 431
659 682 428 297 599 80 212 854 8 8 339 941 685 384 498
2343
14
686 853 247 437 885 909 476 931 252 1 416 392 839 712
279 859 263 185 223 631 243 766 571 994 667 188 432 124
4101
11
489 856 143 701 705 897 743 401 895 912 910
64 511 848 295 694 432 687 468 584 450 617
2662
10
364 335 508 273 220 615 91 524 575 456
574 114 103 658 764 433 991 518 669 348
4081
10
907 365 356 167 420 226 178 279 382 839
863 759 983 854 739 954 509 643 866 229
2933
11
915 28 383 134 15 578 514 654 774 287 201
903 470 113 111 431 317 535 464 289 401 157
3415
15
881 831 731 169 391 978 541 11 730 103 172 427 996 888 617
841 815 732 972 729 284 667 895 710 78 530 154 195 317 443
1298
15
596 444 30 300 1 918 476 171 720 157 542 329 846 693 805
515 428 526 258 802 877 555 351 845 569 986 67 769 881 94
4904
10
973 246 18 517 942 404 482 881 839 711
562 234 541 861 897 821 632 951 712 613
5113
13
850 695 961 648 3 47 569 31 176 654 402 97 820
588 395 800 942 75 23 957 366 188 306 63 869 699
974
10
453 65 410 193 859 843 958 230 602 259
487 688 901 639 517 379 896 403 495 346
1965
10
637 514 23 150 178 553 718 576 87 732
260 550 612 488 829 619 217 851 289 570
686
14
270 369 999 415 126 130 66 932 257 73 744 675 981 911
314 831 162 393 942 342 399 204 339 621 990 750 203 868
303
14
519 1 835 191 930 844 290 133 184 862 604 112 229 204
79 491 389 94 620 102 936 685 124 889 679 276 862 421
3627
15
989 464 855 283 294 616 540 440 380 275 285 22 951 644 142
587 990 907 565 100 5 835 885 38 601 63 425 101 530 475
6612
10
288 659 736 424 903 167 762 515 435 733
152 845 759 788 93 214 525 476 348 70
3926
11
708 861 924 19 46 581 653 837 313 404 426
46 979 734 852 18 205 676 619 923 726 642
542
10
640 724 356 495 97 737 958 393 6 932
599 962 76 580 166 790 555 646 576 218
130
13
481 82 663 686 73 380 886 43 524 631 96 979 497
800 182 549 637 204 970 72 997 312 228 321 450 472
2748
14
12 488 158 625 185 754 357 504 762 916 523 892 266 737
143 931 501 836 832 85 336 708 828 842 61 59 380 609
5531
13
141 548 39 427 322 264 393 304 352 593 223 417 125
553 816 893 611 139 726 972 167 98 828 277 479 673
6173
11
477 512 67 108 204 980 898 716 124 417 786
302 812 572 632 947 674 23 951 393 775 778
250
11
460 888 201 233 670 658 978 920 826 403 371
467 703 432 921 286 427 43 71 557 639 721
2339
11
400 938 909 185 572 605 443 394 17 231 854
152 300 795 661 456 541 72 173 891 438 417
1243
13
33 207 141 615 628 558 526 120 844 758 544 920 998
171 42 173 355 746 495 976 118 233 911 309 870 880
2732
12
905 231 779 398 645 13 601 653 846 267 486 743
384 31 462 387 198 883 815 770 946 458 927 386
401
12
432 953 198 640 508 936 224 741 385 958 148 435
501 513 697 740 496 477 264 492 167 982 494 67
4687
14
619 318 397 427 678 308 383 492 364 1000 548 53 288 430
157 793 334 252 235 4 612 602 904 972 518 378 994 973
5181
12
677 627 944 367 742 364 992 85 477 852 501 537
508 916 657 849 785 610 713 720 221 858 881 691
773
12
29 962 268 152 725 672 604 811 772 936 674 379
523 39 434 282 329 390 291 512 780 700 165 176
2258
11
257 227 775 778 232 810 50 305 459 12 126
35 163 45 741 132 570 317 116 531 581 135
3119
13
285 697 378 68 196 305 926 426 973 815 824 372 298
649 420 279 64 935 366 365 38 660 429 953 717 349
1328
12
605 153 962 419 845 408 154 248 156 371 116 606
149 110 325 776 107 297 171 465 28 901 660 807
666
11
793 896 447 49 923 823 187 974 297 955 245
782 649 964 33 590 262 602 36 817 507 816
1253
10
357 727 525 643 860 607 803 543 592 520
616 595 319 457 765 976 521 824 965 782
1572
13
27 709 622 999 402 323 891 226 438 286 633 898 564
412 759 755 914 779 666 915 900 338 604 655 876 274
1450
15
938 79 978 731 749 947 353 383 872 965 602 40 951 912 301
375 333 757 317 982 563 1 484 625 473 639 240 813 91 491
6563
13
710 193 225 918 3 875 566 440 189 767 203 288 870
953 473 228 798 840 540 521 94 140 145 834 476 681
1281
14
825 303 644 88 577 105 56 817 478 804 440 241 919 877
386 206 204 884 794 917 509 192 187 802 408 22 766 336
5944
13
391 533 121 32 455 166 414 193 948 941 134 810 706
849 996 899 136 993 605 330 724 574 747 494 935 302
4757
12
696 638 26 727 121 885 867 654 322 812 508 866
921 234 673 339 41 402 469 903 249 184 561 64
1039
13
354 461 744 796 116 677 335 298 420 288 222 944 108
228 67 430 883 855 737 908 252 306 637 660 441 918
6797
13
281 332 933 814 663 21 996 72 417 759 734 75 72
459 857 235 13 550 785 711 520 676 257 599 422 228
1879
15
465 848 649 999 281 257 204 754 162 808 95 905 331 517 640
935 439 721 839 593 836 532 11 75 3 374 407 486 919 905
6054
11
822 412 576 442 977 890 494 459 723 530 833
834 502 665 380 315 906 580 127 639 353 99
1221
15
11 859 144 533 880 52 539 75 83 225 477 91 973 654 678
547 341 513 91 585 596 890 731 244 352 131 39 92 754 702
5188
11
60 760 176 907 613 415 790 120 879 539 844
192 116 209 387 322 784 343 324 508 859 919
3078
12
866 123 952 756 158 362 477 18 419 467 92 768
511 327 365 220 863 224 173 548 622 269 792 717
5052
13
292 102 902 725 10 731 83 953 580 443 70 13 855
36 349 836 249 765 872 416 472 57 425 736 329 374
85
12
642 662 473 227 227 535 236 62 611 549 411 621
637 475 446 142 406 578 183 301 615 780 410 112
64
13
768 612 845 506 279 556 675 908 889 492 234 595 155
77 639 645 865 527 355 399 874 396 967 961 505 214
5478
15
306 587 933 549 2 254 878 932 252 302 764 565 880 833 880
512 337 629 434 738 894 298 589 806 285 206 143 285 12 591
3543
13
682 175 693 800 509 412 198 380 390 994 633 411 70
536 903 971 484 865 765 696 956 36 284 345 441 532
7767
15
654 273 103 477 237 344 475 588 993 788 379 614 765 378 239
322 185 132 337 286 800 337 582 931 621 604 968 132 161 764
5347
12
746 401 939 333 185 174 693 459 968 457 203 993
474 38 680 331 291 965 121 3 783 991 187 787
4935
11
413 49 106 524 965 619 602 739 191 752 825
289 282 889 241 766 300 715 941 692 962 802
6363
10
614 205 588 260 208 869 730 889 883 855
273 811 663 838 697 212 354 636 675 253
5183
14
97 945 87 639 688 327 500 810 936 819 271 113 940 981
323 396 109 848 161 413 798 927 201 965 862 475 577 163
4399
12
656 713 718 886 477 147 471 818 509 502 884 39
742 329 271 619 13 174 752 990 345 318 568 816
797
14
68 456 381 309 436 226 509 826 635 795 494 855 910 636
868 955 174 583 675 112 970 913 214 246 182 733 237 916
2337
15
498 940 19 865 903 46 644 314 205 858 64 377 195 813 922
654 82 438 621 911 858 422 820 791 497 896 842 852 710 369
3581
